0.6 0.4 80 20000
12.9716 77.5946
15
E01 12.9365 77.6248 490 540 1 450 42
E02 12.934 77.622 495 550 1 440 43
E03 12.931 77.62 500 570 2 410 50
E04 12.94 77.63 525 600 3 390 55
E05 12.918 77.61 555 645 3 470 62
E06 12.95 77.635 510 585 2 420 48
E07 12.9525 77.628 485 540 1 460 41
E08 12.927 77.642 540 630 2 400 57
E09 12.941 77.631 600 720 3 380 65
E10 12.925 77.6 570 660 3 455 60
E11 12.96 77.64 520 590 2 430 49
E12 12.933 77.605 540 630 2 395 53
E13 12.955 77.62 480 530 1 465 40
E14 12.919 77.608 585 675 3 460 63
E15 12.948 77.635 515 585 2 425 47
6
V01 3 28 10 12.935 77.62 480
V02 3 30 11 12.94 77.625 480
V03 4 35 15 12.92 77.61 480
V04 6 32 19 12.95 77.63 480
V05 1 42 8 12.925 77.6 480
V06 4 34 14 12.96 77.64 490
